106.62 99.63 99.05 99.72 104.42 104.12
99.33 101.83 100.08 102.98 108.70 110.17
97.98 104.04 102.84 107.68 106.14 109.06
102.27 95.39 107.91 116.77 111.5 116.69
103.77 100.33 115.41 116.99 119.28 115.17
105.15 110.21 118.04 117.43 126.57 118.45
103.27 104.30 103.50 118.06 120.51 108.77
117.56 116.57 108.25 119.45 126.34 118.38
119.93 113.14 109.19 123.23 118.93 123.07
118.85 113.17 124.08 122.49 120.21 118.66
104.15 120.56 121.16 125.61 123.97 128.71 
118.38 124.06 113.99 124.58 129.63 129.03 
123.82 115.17 120.37 129.00 126.92 120.43 
130.57 132.06 133.31 127.11 121.68 130.35 
122.44 131.86 121.92 133.81 128.83 132.33 
120.71 126.94 109.63 135.20 132.17 131.06
121.56 126.11 111.27 131.79 134.37 140.27 
121.47 126.21 114.00 131.50 132.96 137.12 
121.38 128.90 122.13 129.60 127.92 129.95 
124.62 128.13 126.35 135.16 130.10 128.50 
121.36 127.19 116.48 133.25 135.55 133.64 
127.14 131.33 121.50 135.53 129.23 133.53 
117.57 125.31 118.72 127.55 130.42 128.05 
122.36 124.18 117.25 131.09 126.33 130.46 
119.88 127.96 128.85 129.98 133.14 130.15 
109.54 116.05 106.31 130.53 132.97 130.49 
116.41 112.12 124.15 128.66 124.69 124.85 
116.23 122.16 115.87 125.39 120.62 128.01