109.8 111.8 113.2 121.1 114.9 114.4
99.1 114.1 113.0 117.3 117.0 116.9
118.9 120.4 118.4 120.5 117.0 119.2
106.1 105.9 103.4 125.8 124.1 122.6
132.9 132.3 131.6 121.9 116.5 117.8
125.2 123.1 122.1 133.1 129.2 129.7
127.8 129.2 124.8 137.7 134.2 130.6
131.1 131.1 130.0 128.6 127.8 131.7
133.9 132.8 131.6 136.0 136.8 136.5
125.9 122.6 124.5 131.4 133.0 136.9
146.8 147.3 141.7 127.8 122.1 124.7
139.1 138.4 139.1 112.2 109.9 112.0
143.3 141.2 141.6 132.5 128.6 130.2
137.4 138.3 136.6 137.6 135.9 137.7
133.2 132.8 132.8 139.4 137.7 136.1
136.4 136.8 134.5 140.0 136.8 138.7
140.7 135.7 136.7 140.7 139.7 139.6
136.7 139.6 139.5 138.0 137.4 137.2
134.7 134.5 134.1 139.1 137.5 137.3
135.2 134.7 137.5 134.1 134.0 129.5
133.9 132.8 133.5 138.8 138.0 137.7
137.2 136.2 134.6 126.4 131.4 131.3
138.8 137.9 138.0 135.4 139.1 140.7