99.5 100.4 101.1 103.4 104.6 104
100.5 99.6 98.3 103 100 99.4
100.7 101.6 102.4 104.2 106.8 105.5
106.3 105.8 105.9 108.3 110.6 110.1
114.3 114.1 114.8 116.4 117.2 116.4
118.8 118.6 120.4 116.4 115.4 115.1
119.5 120.8 120.9 117.7 118.7 118.5
119.6 119.6 118.7 111.6 113.5 110.5
117.9 118.5 117.7 115.2 112.4 113.8
122.3 121.1 122.4 111.4 109.5 111.7
124 122.7 123.2 118.3 117.8 119.5
122.2 124.2 123.9 124.3 124.2 123.7
121.8 122.4 123.4 122.1 124.2 123.4
121.8 121.6 123 120.9 121.9 121.6
124.6 125.6 124 121 121.4 121.4
124.4 124 124 123 122.7 123.5
121.7 122.5 122.2 122.1 123.4 122.7
120.5 119.6 120.2 120.2 120.4 120.8
121.1 121 118.5 119.6 120 120
120.5 122.8 120.8 122.2 123 123
117.9 117.7 116.8 119 120.7 118.6
113.3 116 114.6 119.9 118.8 118.6
116.8 117.9 116.9 117.9 118.8 119
115.6 117.7 116.8 116.2 116.7 115.5
112.3 111.6 113.5 116.5 114.2 114.8
111.7 113.6 112.4 114.6 113.5 114.2
117.7 117 117.8 115.5 116.7 114.8
117.4 116.6 117.9 117.6 116.7 116.3
115.1 115.9 117 117.5 115.8 117.8